positives/Buffy_1.jpg 1 185 194 252 333
positives/Buffy_109.jpg 2 223 218 172 392 91 180 150 367
positives/Buffy_121.jpg 1 141 134 232 315
positives/Buffy_13.jpg 1 150 115 272 406
positives/Buffy_133.jpg 1 170 191 282 417
positives/Buffy_145.jpg 1 203 217 295 370
positives/Buffy_157.jpg 1 142 88 464 340
positives/Buffy_169.jpg 1 113 106 220 349
positives/Buffy_181.jpg 2 95 190 182 424 297 235 183 366
positives/Buffy_193.jpg 1 138 126 229 283
positives/Buffy_205.jpg 2 196 165 335 439 104 211 178 397
positives/Buffy_217.jpg 2 185 127 163 306 101 136 119 209
positives/Buffy_229.jpg 1 132 105 216 367
positives/Buffy_241.jpg 1 147 180 304 413
positives/Buffy_25.jpg 1 143 165 264 434
positives/Buffy_253.jpg 1 141 154 260 423
positives/Buffy_265.jpg 1 159 111 348 356
positives/Buffy_277.jpg 1 153 151 225 366
positives/Buffy_289.jpg 1 137 111 248 337
positives/Buffy_301.jpg 1 165 108 250 389
positives/Buffy_313.jpg 1 134 122 282 421
positives/Buffy_325.jpg 1 189 132 312 434
positives/Buffy_337.jpg 1 138 136 267 385
positives/Buffy_349.jpg 3 188 107 228 329 362 116 115 273 331 122 89 147
positives/Buffy_361.jpg 1 135 139 272 305
positives/Buffy_37.jpg 2 176 137 170 354 339 205 86 211
positives/Buffy_373.jpg 1 190 160 259 353
positives/Buffy_385.jpg 1 157 145 273 362
positives/Buffy_397.jpg 1 199 157 318 422
positives/Buffy_409.jpg 1 157 154 259 387
positives/Buffy_421.jpg 1 144 183 371 419
positives/Buffy_433.jpg 1 169 149 252 316
positives/Buffy_445.jpg 1 174 126 281 419
positives/Buffy_457.jpg 3 100 210 207 384 368 259 239 341 619 195 236 397
positives/Buffy_469.jpg 1 175 143 267 333
positives/Buffy_481.jpg 1 238 196 337 401
positives/Buffy_49.jpg 2 200 201 257 365 88 166 175 370
positives/Buffy_493.jpg 1 171 150 224 349
positives/Buffy_505.jpg 1 107 142 383 438
positives/Buffy_517.jpg 1 114 99 337 369
positives/Buffy_529.jpg 2 146 124 239 328 365 134 111 315
positives/Buffy_541.jpg 2 200 130 230 348 398 117 108 335
positives/Buffy_61.jpg 2 189 179 262 428 452 126 85 475
positives/Buffy_73.jpg 1 215 191 253 401
positives/Buffy_85.jpg 1 165 165 321 378
positives/Buffy_97.jpg 1 181 100 381 361
positives/Inria_110.jpg 4 151 136 270 457 495 286 82 254 534 276 88 304 64 223 90 229
positives/Inria_122.jpg 5 148 253 166 335 368 251 150 342 506 254 162 333 614 193 162 400 751 45 122 221
positives/Inria_134.jpg 1 190 186 484 410
positives/Inria_14.jpg 1 243 246 270 354
positives/Inria_146.jpg 2 266 123 257 465 47 76 212 526
positives/Inria_158.jpg 3 226 360 202 243 387 331 104 256 193 344 86 237
positives/Inria_170.jpg 5 85 355 227 244 310 285 102 284 28 300 52 127 82 296 30 127 1 284 43 128
positives/Inria_182.jpg 1 140 85 43 109
positives/Inria_194.jpg 1 230 204 203 400
positives/Inria_2.jpg 1 173 204 235 390
positives/Inria_206.jpg 4 284 359 86 236 408 438 102 161 670 327 119 269 194 262 87 125
positives/Inria_218.jpg 5 216 241 97 241 388 232 93 264 305 233 86 252 102 234 115 243 19 223 78 140
positives/Inria_230.jpg 2 479 239 135 366 393 263 120 328
positives/Inria_242.jpg 2 278 152 104 205 145 181 97 162
positives/Inria_254.jpg 3 194 185 66 86 279 168 54 116 108 120 74 161
positives/Inria_26.jpg 7 226 206 80 178 205 344 93 150 406 165 89 186 361 165 65 216 314 130 62 217 92 221 92 199 499 188 62 135
positives/Inria_266.jpg 1 137 55 122 296
positives/Inria_278.jpg 1 189 80 272 491
positives/Inria_290.jpg 6 217 115 42 111 179 114 34 100 6 252 89 79 123 125 52 86 236 63 40 47 288 63 32 44
positives/Inria_302.jpg 4 216 246 125 355 533 125 183 476 7 183 153 409 183 255 66 230
positives/Inria_314.jpg 1 193 66 151 388
positives/Inria_326.jpg 3 283 72 176 488 100 122 153 403 37 107 121 388
positives/Inria_338.jpg 4 255 80 45 80 305 71 103 362 194 137 177 320 190 74 34 73
positives/Inria_350.jpg 1 36 185 190 417
positives/Inria_362.jpg 4 165 172 249 428 447 152 135 448 585 86 178 491 27 195 165 397
positives/Inria_374.jpg 2 285 132 185 321 209 150 96 223
positives/Inria_38.jpg 4 196 86 74 244 96 79 84 255 263 106 68 189 300 59 37 216
positives/Inria_386.jpg 3 217 113 122 357 369 94 126 375 3 102 117 343
positives/Inria_398.jpg 3 260 173 73 215 330 127 154 299 87 64 171 392
positives/Inria_410.jpg 4 38 55 158 399 181 61 113 395 303 37 148 413 453 47 141 418
positives/Inria_422.jpg 4 106 192 165 400 362 216 72 194 292 190 79 212 434 242 31 220
positives/Inria_434.jpg 3 296 196 135 184 468 172 54 171 519 163 53 177
positives/Inria_446.jpg 4 130 152 202 425 363 335 105 225 366 201 84 153 14 218 71 209
positives/Inria_458.jpg 1 288 129 191 237
positives/Inria_470.jpg 1 204 42 169 408
positives/Inria_482.jpg 1 240 59 203 368
positives/Inria_494.jpg 1 387 30 155 432
positives/Inria_50.jpg 2 398 151 136 319 278 184 213 398
positives/Inria_506.jpg 3 66 136 226 454 282 175 168 421 442 220 135 362
positives/Inria_518.jpg 1 177 19 287 383
positives/Inria_530.jpg 5 94 115 126 276 237 83 127 339 335 77 110 328 499 113 88 182 422 144 64 112
positives/Inria_542.jpg 3 385 143 112 246 240 189 52 65 68 190 54 82
positives/Inria_554.jpg 1 235 101 192 283
positives/Inria_62.jpg 1 175 167 204 314
positives/Inria_74.jpg 1 185 208 366 388
positives/Inria_86.jpg 4 206 186 162 414 275 205 162 345 52 186 56 205 86 180 53 183
positives/Inria_98.jpg 2 142 159 169 420 369 180 92 394
positives/Poselet_101.jpg 1 110 33 67 134
positives/Poselet_113.jpg 0
positives/Poselet_125.jpg 2 357 180 170 528 103 117 249 603
positives/Poselet_137.jpg 2 339 55 427 623 638 37 246 199
positives/Poselet_149.jpg 1 427 184 188 453
positives/Poselet_161.jpg 1 181 199 385 528
positives/Poselet_17.jpg 3 71 186 307 537 420 288 220 429 684 234 223 463
positives/Poselet_173.jpg 2 216 57 184 302 380 47 171 333
positives/Poselet_185.jpg 2 187 222 254 414 614 250 207 384
positives/Poselet_197.jpg 1 428 167 488 536
positives/Poselet_209.jpg 3 83 218 302 425 354 131 267 481 675 54 238 570
positives/Poselet_221.jpg 3 45 298 320 331 396 229 285 363 691 261 225 329
positives/Poselet_233.jpg 1 293 143 302 532
positives/Poselet_245.jpg 1 537 36 226 689
positives/Poselet_257.jpg 2 341 68 271 360 118 148 168 314
positives/Poselet_269.jpg 1 95 165 187 320
positives/Poselet_281.jpg 2 265 309 261 379 590 159 215 434
positives/Poselet_29.jpg 2 219 271 257 425 404 167 319 543
positives/Poselet_293.jpg 2 280 47 205 425 603 75 257 647
positives/Poselet_305.jpg 1 753 376 149 252
positives/Poselet_317.jpg 3 335 144 234 429 13 222 351 511 568 57 176 295
positives/Poselet_329.jpg 5 230 191 210 478 421 225 204 419 733 163 181 509 195 257 72 232 38 276 73 190
positives/Poselet_341.jpg 2 287 120 291 524 500 79 388 521
positives/Poselet_353.jpg 2 155 396 176 236 795 425 97 173
positives/Poselet_365.jpg 5 338 136 79 103 264 354 191 199 181 524 128 206 349 527 136 169 456 345 128 263
positives/Poselet_377.jpg 2 523 197 253 456 357 135 200 338
positives/Poselet_389.jpg 2 399 189 213 391 185 207 127 432
positives/Poselet_41.jpg 2 187 108 254 596 450 315 232 413
positives/Poselet_5.jpg 5 101 241 124 413 284 234 155 396 388 245 128 381 559 302 108 337 704 264 128 359
positives/Poselet_53.jpg 1 252 70 417 655
positives/Poselet_65.jpg 5 350 77 202 558 553 137 149 474 675 205 159 340 106 194 99 363 202 288 75 257
positives/Poselet_77.jpg 2 125 271 187 445 326 296 186 435
positives/Poselet_89.jpg 2 214 218 274 442 515 190 211 474
positives/Skin_107.jpg 1 66 21 138 298
positives/Skin_11.jpg 5 21 41 44 134 64 43 43 139 102 47 35 130 134 38 38 130 186 42 42 131
positives/Skin_119.jpg 4 22 64 87 300 130 67 94 292 198 102 115 255 304 67 124 301
positives/Skin_131.jpg 1 66 38 258 303
positives/Skin_143.jpg 1 36 28 167 152
positives/Skin_155.jpg 1 122 31 152 204
positives/Skin_167.jpg 1 89 57 176 251
positives/Skin_179.jpg 2 135 43 211 331 49 31 176 255
positives/Skin_191.jpg 6 125 91 140 377 215 328 157 222 339 330 165 223 288 112 125 267 380 144 159 292 13 128 119 408
positives/Skin_203.jpg 1 51 26 140 365
positives/Skin_215.jpg 1 37 18 196 151
positives/Skin_227.jpg 3 21 7 56 127 75 32 50 107 129 32 64 117
positives/Skin_23.jpg 2 40 50 130 356 160 35 154 400
positives/Skin_239.jpg 1 48 27 136 154
positives/Skin_251.jpg 1 79 21 138 154
positives/Skin_263.jpg 3 74 2 196 408 291 26 111 400 378 41 225 376
positives/Skin_275.jpg 3 24 20 87 199 107 36 46 180 153 44 9 172
positives/Skin_287.jpg 5 43 69 82 158 77 84 48 143 77 84 101 147 161 74 80 144 221 96 111 140
positives/Skin_299.jpg 3 140 98 148 131 115 67 74 106 37 46 71 91
positives/Skin_35.jpg 1 31 128 176 237
positives/Skin_47.jpg 2 58 14 191 552 250 37 117 519
positives/Skin_59.jpg 2 151 46 115 166 8 57 88 150
positives/Skin_71.jpg 1 132 48 69 117
positives/Skin_83.jpg 1 179 21 107 119
positives/Skin_95.jpg 6 57 105 79 206 139 109 64 183 196 83 60 220 252 93 64 221 310 88 64 205 368 80 51 215
positives/VOC2007_105.jpg 1 26 90 393 205
positives/VOC2007_117.jpg 2 102 96 100 152 265 118 113 132
positives/VOC2007_129.jpg 0
positives/VOC2007_141.jpg 3 108 80 126 222 317 124 113 177 19 168 161 153
positives/VOC2007_153.jpg 0
positives/VOC2007_165.jpg 6 245 214 114 141 350 101 103 240 166 172 90 153 106 164 77 160 106 89 73 129 187 82 73 101
positives/VOC2007_177.jpg 0
positives/VOC2007_189.jpg 1 262 53 121 247
positives/VOC2007_201.jpg 1 198 74 160 203
positives/VOC2007_21.jpg 3 52 136 142 192 109 56 113 162 363 115 124 196
positives/VOC2007_213.jpg 3 110 113 116 228 241 112 124 214 349 70 118 189
positives/VOC2007_225.jpg 5 22 61 119 220 102 55 52 138 145 20 73 178 225 10 97 187 394 60 92 209
positives/VOC2007_237.jpg 1 158 77 176 288
positives/VOC2007_249.jpg 3 32 30 90 169 137 18 79 195 213 33 91 184
positives/VOC2007_261.jpg 2 82 104 158 195 304 203 112 124
positives/VOC2007_273.jpg 3 47 43 87 163 156 29 110 196 267 87 153 253
positives/VOC2007_285.jpg 2 88 60 239 426 137 186 179 299
positives/VOC2007_297.jpg 1 171 74 130 189
positives/VOC2007_309.jpg 7 150 156 166 209 353 123 138 219 268 17 97 130 155 46 157 196 95 56 96 119 40 135 148 227 401 2 90 158
positives/VOC2007_321.jpg 3 76 98 117 172 267 69 71 126 333 80 113 169
positives/VOC2007_33.jpg 4 33 65 131 185 124 57 92 189 218 65 102 187 396 93 100 245
positives/VOC2007_333.jpg 3 108 117 126 214 257 129 138 221 214 120 71 196
positives/VOC2007_345.jpg 3 134 62 160 161 83 41 51 120 8 58 85 120
positives/VOC2007_357.jpg 0
positives/VOC2007_369.jpg 2 139 137 214 223 221 106 79 118
positives/VOC2007_381.jpg 1 59 78 224 385
positives/VOC2007_393.jpg 2 144 32 174 225 329 31 149 261
positives/VOC2007_405.jpg 6 132 179 143 184 280 208 73 138 409 173 80 168 337 156 76 130 239 150 49 119 0 152 146 175
positives/VOC2007_417.jpg 1 91 50 182 291
positives/VOC2007_429.jpg 2 189 175 134 240 71 201 88 155
positives/VOC2007_441.jpg 1 176 165 202 151
positives/VOC2007_45.jpg 1 105 53 152 286
positives/VOC2007_453.jpg 1 129 67 253 255
positives/VOC2007_465.jpg 2 220 44 212 242 106 78 159 229
positives/VOC2007_477.jpg 2 289 327 2 18 85 48 204 279
positives/VOC2007_489.jpg 4 201 121 118 204 420 187 58 122 279 130 53 102 373 154 22 41
positives/VOC2007_501.jpg 0
positives/VOC2007_513.jpg 3 59 27 137 249 195 90 135 219 370 112 105 198
positives/VOC2007_525.jpg 6 28 72 130 249 186 135 78 198 208 90 90 127 255 144 127 207 371 138 85 196 409 163 81 176
positives/VOC2007_537.jpg 1 48 92 153 202
positives/VOC2007_549.jpg 3 174 96 222 243 434 140 39 85 377 144 48 56
positives/VOC2007_561.jpg 5 296 101 100 204 163 68 113 122 4 126 66 123 409 116 51 130 458 122 33 131
positives/VOC2007_57.jpg 4 162 105 124 231 305 134 83 213 392 162 80 189 79 153 101 159
positives/VOC2007_573.jpg 4 8 52 230 264 203 100 149 175 305 109 79 140 457 90 40 150
positives/VOC2007_585.jpg 2 113 100 113 170 275 74 152 203
positives/VOC2007_597.jpg 4 162 162 165 193 333 116 94 225 186 99 107 117 57 101 126 163
positives/VOC2007_609.jpg 1 72 41 131 233
positives/VOC2007_621.jpg 1 114 178 148 283
positives/VOC2007_633.jpg 1 240 163 103 217
positives/VOC2007_645.jpg 2 293 96 92 191 165 86 115 142
positives/VOC2007_657.jpg 1 46 172 253 171
positives/VOC2007_669.jpg 1 253 60 166 218
positives/VOC2007_681.jpg 3 199 58 210 236 384 84 106 145 48 75 187 210
positives/VOC2007_69.jpg 1 170 44 224 247
positives/VOC2007_693.jpg 2 62 60 194 218 255 43 218 249
positives/VOC2007_705.jpg 1 130 1 287 309
positives/VOC2007_717.jpg 0
positives/VOC2007_729.jpg 2 187 157 135 174 201 64 203 219
positives/VOC2007_741.jpg 1 44 11 227 367
positives/VOC2007_753.jpg 2 235 91 184 249 24 57 252 300
positives/VOC2007_765.jpg 0
positives/VOC2007_777.jpg 1 22 246 100 204
positives/VOC2007_789.jpg 1 281 97 184 256
positives/VOC2007_801.jpg 2 275 81 196 263 63 93 229 215
positives/VOC2007_81.jpg 1 77 3 223 410
positives/VOC2007_813.jpg 5 321 131 151 213 42 147 197 204 15 29 112 191 115 11 137 244 230 9 112 179
positives/VOC2007_9.jpg 3 170 52 137 193 325 55 131 230 48 27 147 246
positives/VOC2007_93.jpg 3 69 131 190 228 286 152 130 184 434 162 61 178
positives/VOC2010_1001.jpg 1 129 91 161 383
positives/VOC2010_101.jpg 1 38 88 456 273
positives/VOC2010_1013.jpg 1 107 66 152 177
positives/VOC2010_1025.jpg 2 106 40 131 240 239 58 158 240
positives/VOC2010_1037.jpg 1 151 34 225 392
positives/VOC2010_1049.jpg 1 149 1 307 354
positives/VOC2010_1061.jpg 1 214 31 241 314
positives/VOC2010_1073.jpg 2 41 81 217 275 235 84 126 147
positives/VOC2010_1085.jpg 1 68 31 207 390
positives/VOC2010_1097.jpg 1 76 19 231 409
positives/VOC2010_1109.jpg 1 174 16 195 306
positives/VOC2010_1121.jpg 2 325 76 150 230 77 1 175 307
positives/VOC2010_113.jpg 2 56 35 160 281 198 21 236 289
positives/VOC2010_1133.jpg 1 229 44 104 186
positives/VOC2010_1145.jpg 2 41 41 242 291 246 40 131 290
positives/VOC2010_1157.jpg 0
positives/VOC2010_1169.jpg 1 146 45 321 157
positives/VOC2010_1181.jpg 0
positives/VOC2010_1193.jpg 1 217 32 129 198
positives/VOC2010_1205.jpg 1 257 22 237 352
positives/VOC2010_1217.jpg 0
positives/VOC2010_1229.jpg 1 119 58 364 292
positives/VOC2010_1241.jpg 2 20 88 154 238 239 67 201 251
positives/VOC2010_125.jpg 3 239 39 151 267 136 12 105 274 3 49 84 228
positives/VOC2010_1253.jpg 1 3 20 80 29
positives/VOC2010_1265.jpg 4 65 141 119 209 168 141 68 111 212 125 52 117 402 102 66 197
positives/VOC2010_1277.jpg 1 119 83 329 221
positives/VOC2010_1289.jpg 1 107 78 362 286
positives/VOC2010_1301.jpg 5 116 108 154 237 269 3 117 272 345 155 77 162 346 180 142 205 5 100 114 212
positives/VOC2010_1313.jpg 1 322 22 134 301
positives/VOC2010_1325.jpg 0
positives/VOC2010_1337.jpg 0
positives/VOC2010_1349.jpg 0
positives/VOC2010_1361.jpg 1 105 46 340 271
positives/VOC2010_137.jpg 1 109 59 159 298
positives/VOC2010_1373.jpg 4 100 66 122 171 200 35 74 187 316 31 87 199 372 76 119 197
positives/VOC2010_1385.jpg 1 260 13 113 455
positives/VOC2010_1397.jpg 1 80 35 275 416
positives/VOC2010_1409.jpg 2 85 33 274 308 37 236 311 256
positives/VOC2010_1421.jpg 1 154 71 279 270
positives/VOC2010_1433.jpg 0
positives/VOC2010_1445.jpg 2 266 45 110 280 266 45 110 280
positives/VOC2010_149.jpg 2 39 39 195 270 313 86 174 237
positives/VOC2010_161.jpg 2 58 94 173 200 266 119 128 229
positives/VOC2010_17.jpg 2 87 67 166 217 219 113 127 194
positives/VOC2010_173.jpg 2 186 87 109 211 248 67 142 238
positives/VOC2010_185.jpg 2 289 44 200 255 0 113 359 202
positives/VOC2010_197.jpg 4 22 62 163 264 149 39 113 318 262 77 92 272 312 40 120 327
positives/VOC2010_209.jpg 1 191 59 185 210
positives/VOC2010_221.jpg 2 225 33 125 275 398 38 91 246
positives/VOC2010_233.jpg 1 205 55 194 279
positives/VOC2010_245.jpg 1 255 65 218 268
positives/VOC2010_257.jpg 1 117 57 170 222
positives/VOC2010_269.jpg 2 182 47 111 281 372 41 86 231
positives/VOC2010_281.jpg 1 158 36 268 228
positives/VOC2010_29.jpg 2 124 116 143 235 253 108 162 246
positives/VOC2010_293.jpg 1 110 104 350 196
positives/VOC2010_305.jpg 1 239 103 257 240
positives/VOC2010_317.jpg 1 177 97 175 360
positives/VOC2010_329.jpg 0
positives/VOC2010_341.jpg 1 76 103 258 366
positives/VOC2010_353.jpg 1 108 65 301 300
positives/VOC2010_365.jpg 1 159 37 218 307
positives/VOC2010_377.jpg 3 76 96 117 379 192 144 63 309 224 124 102 346
positives/VOC2010_389.jpg 2 167 42 185 417 26 181 251 280
positives/VOC2010_401.jpg 2 138 161 120 153 261 122 121 205
positives/VOC2010_41.jpg 1 244 24 191 286
positives/VOC2010_413.jpg 1 144 24 201 409
positives/VOC2010_425.jpg 1 87 45 212 323
positives/VOC2010_437.jpg 1 226 184 84 272
positives/VOC2010_449.jpg 2 241 66 242 289 88 187 211 169
positives/VOC2010_461.jpg 2 48 83 148 330 290 28 89 174
positives/VOC2010_473.jpg 2 119 21 164 309 276 57 106 272
positives/VOC2010_485.jpg 1 2 5 164 323
positives/VOC2010_497.jpg 2 123 157 139 307 291 179 75 233
positives/VOC2010_5.jpg 2 178 99 194 217 74 169 171 158
positives/VOC2010_509.jpg 2 162 133 138 169 315 73 160 259
positives/VOC2010_521.jpg 1 101 53 275 315
positives/VOC2010_53.jpg 2 173 95 165 196 0 3 197 281
positives/VOC2010_533.jpg 3 67 65 186 302 101 173 143 166 279 28 194 316
positives/VOC2010_545.jpg 2 125 51 156 258 297 32 159 294
positives/VOC2010_557.jpg 4 129 171 121 252 242 177 96 237 29 105 127 249 105 92 97 129
positives/VOC2010_569.jpg 4 41 103 137 254 153 73 107 249 240 115 127 196 311 108 141 168
positives/VOC2010_581.jpg 3 85 12 114 228 236 94 89 171 306 92 87 177
positives/VOC2010_593.jpg 1 309 71 134 157
positives/VOC2010_605.jpg 1 16 7 351 336
positives/VOC2010_617.jpg 3 64 76 75 167 137 118 138 128 231 24 125 181
positives/VOC2010_629.jpg 1 226 11 204 159
positives/VOC2010_641.jpg 1 124 28 101 304
positives/VOC2010_65.jpg 3 108 59 158 160 192 157 99 150 299 123 130 194
positives/VOC2010_653.jpg 1 194 11 110 204
positives/VOC2010_665.jpg 1 34 85 207 296
positives/VOC2010_677.jpg 1 99 49 163 269
positives/VOC2010_689.jpg 2 245 30 128 224 189 62 81 240
positives/VOC2010_701.jpg 1 39 22 244 261
positives/VOC2010_713.jpg 1 111 8 128 360
positives/VOC2010_725.jpg 1 92 78 241 219
positives/VOC2010_737.jpg 1 222 41 208 320
positives/VOC2010_749.jpg 1 155 45 109 276
positives/VOC2010_761.jpg 1 108 122 223 187
positives/VOC2010_77.jpg 1 108 122 166 57
positives/VOC2010_773.jpg 2 194 125 80 162 261 155 125 133
positives/VOC2010_785.jpg 1 128 98 137 269
positives/VOC2010_797.jpg 2 120 49 124 241 213 60 52 134
positives/VOC2010_809.jpg 3 81 32 132 298 174 161 97 177 236 95 158 238
positives/VOC2010_821.jpg 3 123 67 85 229 180 98 76 170 224 105 136 215
positives/VOC2010_833.jpg 2 135 49 114 270 336 58 134 216
positives/VOC2010_845.jpg 2 51 27 146 230 284 74 176 241
positives/VOC2010_857.jpg 5 142 135 82 159 255 157 78 139 356 169 78 148 199 44 100 169 45 165 107 104
positives/VOC2010_869.jpg 3 103 68 59 152 228 134 93 137 332 157 34 87
positives/VOC2010_881.jpg 1 56 18 108 159
positives/VOC2010_89.jpg 1 129 58 208 228
positives/VOC2010_893.jpg 1 99 208 215 220
positives/VOC2010_905.jpg 1 117 112 315 224
positives/VOC2010_917.jpg 1 246 87 209 186
positives/VOC2010_929.jpg 1 331 9 167 344
positives/VOC2010_941.jpg 1 206 115 150 241
positives/VOC2010_953.jpg 1 133 74 171 239
positives/VOC2010_965.jpg 1 93 53 179 356
positives/VOC2010_977.jpg 2 60 121 149 222 238 19 192 297
positives/VOC2010_989.jpg 1 151 67 237 213
