positives/VOC2007_10.jpg 2 117 250 40 30 283 281 40 22
positives/VOC2007_106.jpg 3 171 309 58 23 200 326 26 18 272 253 28 27
positives/VOC2007_107.jpg 2 114 181 30 20 359 149 33 15
positives/VOC2007_108.jpg 2 235 157 28 17 201 224 50 38
positives/VOC2007_11.jpg 2 87 325 35 25 120 323 23 22
positives/VOC2007_118.jpg 1 172 203 96 48
positives/VOC2007_119.jpg 2 264 139 36 27 299 175 35 26
positives/VOC2007_12.jpg 2 51 68 100 93 249 158 91 48
positives/VOC2007_120.jpg 4 106 79 58 40 107 119 26 35 326 179 62 53 362 139 59 43
positives/VOC2007_130.jpg 1 190 151 117 94
positives/VOC2007_131.jpg 2 206 193 43 35 204 215 56 32
positives/VOC2007_132.jpg 2 96 177 74 59 326 151 66 63
positives/VOC2007_142.jpg 1 257 138 61 36
positives/VOC2007_143.jpg 3 371 149 42 43 279 277 43 49 347 297 37 21
positives/VOC2007_144.jpg 1 293 127 52 60
positives/VOC2007_154.jpg 1 29 354 147 105
positives/VOC2007_155.jpg 1 348 197 60 40
positives/VOC2007_156.jpg 4 34 173 48 41 208 261 29 27 205 295 43 22 149 248 28 20
positives/VOC2007_166.jpg 1 277 241 34 30
positives/VOC2007_167.jpg 2 139 238 44 72 16 161 77 63
positives/VOC2007_168.jpg 4 258 165 63 37 303 196 50 44 190 130 60 42 115 175 69 24
positives/VOC2007_178.jpg 4 149 233 33 31 222 244 33 26 295 242 28 23 348 246 37 33
positives/VOC2007_179.jpg 1 283 243 47 70
positives/VOC2007_180.jpg 4 418 279 38 26 327 271 34 32 276 244 41 28 195 260 32 33
positives/VOC2007_190.jpg 2 33 241 88 130 315 286 111 86
positives/VOC2007_191.jpg 2 232 150 57 49 265 202 47 49
positives/VOC2007_192.jpg 4 114 152 38 29 145 129 19 18 403 146 52 36 428 181 34 41
positives/VOC2007_203.jpg 2 141 311 46 67 185 314 44 62
positives/VOC2007_204.jpg 4 128 263 34 36 175 287 22 23 247 288 28 29 265 231 43 33
positives/VOC2007_214.jpg 1 148 225 49 37
positives/VOC2007_215.jpg 1 132 283 52 58
positives/VOC2007_216.jpg 2 193 245 66 54 136 232 42 46
positives/VOC2007_22.jpg 4 149 286 48 32 234 274 33 30 326 260 37 40 343 278 33 38
positives/VOC2007_226.jpg 2 98 152 61 45 166 157 66 63
positives/VOC2007_227.jpg 5 63 160 39 40 384 149 22 28 445 168 28 33 284 159 28 19 333 193 25 28
positives/VOC2007_228.jpg 3 100 297 60 26 308 332 52 38 272 341 41 32
positives/VOC2007_23.jpg 2 48 89 33 52 131 251 41 30
positives/VOC2007_238.jpg 2 198 55 60 53 307 182 43 76
positives/VOC2007_239.jpg 1 253 184 41 42
positives/VOC2007_24.jpg 2 134 142 44 58 232 222 43 42
positives/VOC2007_240.jpg 3 90 321 63 42 178 177 48 49 41 289 61 48
positives/VOC2007_250.jpg 2 232 19 118 88 372 45 111 89
positives/VOC2007_252.jpg 1 253 285 44 49
positives/VOC2007_262.jpg 1 249 301 33 35
positives/VOC2007_264.jpg 1 70 210 43 61
positives/VOC2007_274.jpg 1 243 223 38 30
positives/VOC2007_275.jpg 4 184 208 43 39 253 177 27 42 449 188 36 62 98 112 34 32
positives/VOC2007_276.jpg 1 308 301 89 73
positives/VOC2007_286.jpg 3 426 111 31 41 325 39 51 43 37 218 35 28
positives/VOC2007_287.jpg 4 172 257 34 30 225 251 25 30 277 227 39 33 300 282 47 47
positives/VOC2007_288.jpg 2 69 212 81 57 403 168 61 40
positives/VOC2007_298.jpg 2 144 91 55 74 206 21 65 60
positives/VOC2007_299.jpg 2 250 229 77 99 375 230 66 59
positives/VOC2007_300.jpg 2 215 234 20 26 296 242 25 28
positives/VOC2007_310.jpg 5 185 161 67 37 231 229 39 44 271 140 40 35 145 129 51 39 38 273 60 30
positives/VOC2007_311.jpg 3 90 183 49 27 265 226 47 52 80 151 35 19
positives/VOC2007_312.jpg 1 257 246 65 59
positives/VOC2007_322.jpg 1 120 165 122 131
positives/VOC2007_323.jpg 1 203 257 34 48
positives/VOC2007_324.jpg 4 113 393 53 47 21 439 76 57 121 291 44 28 138 271 31 23
positives/VOC2007_334.jpg 2 48 227 48 50 148 252 51 54
positives/VOC2007_335.jpg 1 360 98 135 171
positives/VOC2007_336.jpg 1 190 164 69 56
positives/VOC2007_34.jpg 2 151 251 61 69 19 263 53 40
positives/VOC2007_346.jpg 1 34 261 112 83
positives/VOC2007_347.jpg 2 287 84 93 54 415 296 31 26
positives/VOC2007_348.jpg 2 318 182 62 43 228 136 34 30
positives/VOC2007_35.jpg 2 146 414 180 85 181 340 146 89
positives/VOC2007_358.jpg 1 221 62 108 70
positives/VOC2007_360.jpg 2 37 107 69 71 373 97 58 75
positives/VOC2007_370.jpg 1 86 253 96 63
positives/VOC2007_371.jpg 3 149 102 37 59 252 263 48 48 321 134 35 47
positives/VOC2007_372.jpg 3 76 177 169 85 85 286 145 84 357 251 126 99
positives/VOC2007_382.jpg 2 166 245 60 59 280 168 40 42
positives/VOC2007_383.jpg 2 22 198 54 35 32 312 64 56
positives/VOC2007_384.jpg 2 149 47 62 68 203 48 44 60
positives/VOC2007_394.jpg 2 84 205 87 97 176 232 97 121
positives/VOC2007_395.jpg 2 229 259 68 59 278 217 66 57
positives/VOC2007_396.jpg 2 63 352 54 73 261 349 59 78
positives/VOC2007_406.jpg 1 44 209 47 52
positives/VOC2007_408.jpg 2 104 350 53 40 400 303 63 57
positives/VOC2007_418.jpg 1 242 237 90 52
positives/VOC2007_419.jpg 1 201 166 38 36
positives/VOC2007_420.jpg 1 189 200 108 44
positives/VOC2007_431.jpg 4 137 229 56 44 193 237 38 59 54 275 64 65 146 199 44 27
positives/VOC2007_432.jpg 5 331 273 49 49 146 304 66 43 59 336 50 36 276 343 47 31 337 209 66 43
positives/VOC2007_442.jpg 2 22 33 164 127 9 302 128 70
positives/VOC2007_443.jpg 3 98 206 59 59 121 132 23 26 285 156 44 42
positives/VOC2007_444.jpg 1 149 174 76 55
positives/VOC2007_454.jpg 2 329 221 55 31 225 246 44 36
positives/VOC2007_455.jpg 1 141 272 37 36
positives/VOC2007_46.jpg 1 322 113 129 123
positives/VOC2007_466.jpg 1 239 333 39 32
positives/VOC2007_467.jpg 1 267 186 41 26
positives/VOC2007_47.jpg 1 295 132 184 160
positives/VOC2007_478.jpg 4 305 232 41 32 200 258 41 46 234 119 44 27 417 299 53 28
positives/VOC2007_479.jpg 1 80 173 58 49
positives/VOC2007_48.jpg 2 168 67 40 59 152 112 36 53
positives/VOC2007_480.jpg 2 169 233 62 67 113 344 68 71
positives/VOC2007_490.jpg 1 135 137 74 37
positives/VOC2007_491.jpg 2 272 276 64 55 85 298 55 59
positives/VOC2007_492.jpg 2 332 181 37 25 402 265 42 43
positives/VOC2007_502.jpg 1 142 190 139 80
positives/VOC2007_503.jpg 1 221 140 56 68
positives/VOC2007_504.jpg 2 66 272 67 46 227 237 67 50
positives/VOC2007_514.jpg 1 287 122 129 142
positives/VOC2007_515.jpg 4 348 171 53 41 314 186 52 34 158 223 86 61 14 164 69 68
positives/VOC2007_516.jpg 2 358 228 30 30 432 225 32 31
positives/VOC2007_526.jpg 3 222 199 68 74 298 257 81 71 116 296 93 63
positives/VOC2007_527.jpg 4 249 268 26 27 328 238 69 33 390 281 37 29 333 260 51 35
positives/VOC2007_528.jpg 1 347 231 41 21
positives/VOC2007_538.jpg 1 163 411 99 81
positives/VOC2007_539.jpg 4 155 259 57 40 61 189 41 33 98 191 27 37 249 247 45 31
positives/VOC2007_540.jpg 1 1 435 92 60
positives/VOC2007_550.jpg 2 68 199 144 131 387 173 109 193
positives/VOC2007_551.jpg 1 188 199 63 42
positives/VOC2007_552.jpg 1 151 255 87 84
positives/VOC2007_562.jpg 1 139 246 78 84
positives/VOC2007_564.jpg 4 223 129 56 47 96 144 37 32 155 372 53 52 197 362 42 45
positives/VOC2007_574.jpg 4 144 157 67 36 311 144 37 32 281 173 64 53 68 128 51 26
positives/VOC2007_575.jpg 2 249 202 153 106 223 302 159 70
positives/VOC2007_58.jpg 1 245 408 112 91
positives/VOC2007_586.jpg 1 199 320 45 39
positives/VOC2007_587.jpg 2 111 176 51 50 387 269 50 38
positives/VOC2007_588.jpg 1 292 137 118 102
positives/VOC2007_59.jpg 1 297 242 76 43
positives/VOC2007_598.jpg 2 160 217 82 45 303 254 69 55
positives/VOC2007_599.jpg 2 302 182 42 28 452 260 39 30
positives/VOC2007_60.jpg 1 286 127 48 62
positives/VOC2007_600.jpg 1 332 210 73 78
positives/VOC2007_610.jpg 1 118 366 54 36
positives/VOC2007_611.jpg 1 263 139 30 15
positives/VOC2007_612.jpg 1 269 286 103 51
positives/VOC2007_622.jpg 1 141 371 104 85
positives/VOC2007_623.jpg 1 175 279 77 46
positives/VOC2007_624.jpg 1 285 266 42 60
positives/VOC2007_634.jpg 2 386 151 97 152 73 197 129 124
positives/VOC2007_635.jpg 1 238 175 112 76
positives/VOC2007_636.jpg 1 28 159 90 120
positives/VOC2007_646.jpg 3 231 204 58 35 361 202 59 29 83 223 39 29
positives/VOC2007_647.jpg 1 30 206 120 211
positives/VOC2007_648.jpg 2 217 235 29 23 159 278 92 62
positives/VOC2007_658.jpg 1 436 169 40 32
positives/VOC2007_70.jpg 3 123 113 52 35 120 89 36 23 378 84 33 27
positives/VOC2007_71.jpg 2 218 102 65 68 204 250 89 49
positives/VOC2007_72.jpg 3 252 136 44 26 204 143 54 26 126 171 65 43
positives/VOC2007_82.jpg 2 112 214 66 29 118 224 108 70
positives/VOC2007_83.jpg 1 215 173 103 59
positives/VOC2007_84.jpg 1 297 48 137 110
positives/VOC2007_94.jpg 3 168 244 70 73 121 204 99 42 56 88 72 58
positives/VOC2007_95.jpg 2 126 54 46 58 326 57 63 57
positives/VOC2007_96.jpg 1 217 210 153 123
positives/VOC2010_108.jpg 1 178 175 72 97
positives/VOC2010_109.jpg 1 385 191 59 46
positives/VOC2010_110.jpg 1 130 128 107 64
positives/VOC2010_12.jpg 1 156 195 53 50
positives/VOC2010_120.jpg 2 194 292 63 37 115 286 64 37
positives/VOC2010_121.jpg 1 2 326 105 104
positives/VOC2010_13.jpg 2 65 189 76 67 167 207 41 69
positives/VOC2010_132.jpg 2 255 166 33 17 324 166 21 26
positives/VOC2010_133.jpg 2 442 211 40 54 126 156 41 30
positives/VOC2010_134.jpg 2 11 137 72 64 303 200 85 91
positives/VOC2010_14.jpg 2 100 222 73 52 173 102 87 172
positives/VOC2010_144.jpg 1 392 200 22 18
positives/VOC2010_145.jpg 1 169 235 44 34
positives/VOC2010_146.jpg 1 314 315 34 18
positives/VOC2010_157.jpg 2 252 263 68 38 189 237 58 34
positives/VOC2010_158.jpg 2 228 99 121 86 258 229 111 109
positives/VOC2010_2.jpg 1 125 122 86 54
positives/VOC2010_24.jpg 3 19 154 56 68 128 335 50 60 277 363 64 64
positives/VOC2010_25.jpg 2 192 249 135 108 371 229 121 90
positives/VOC2010_26.jpg 1 82 137 24 36
positives/VOC2010_36.jpg 2 204 172 57 65 34 204 43 48
positives/VOC2010_37.jpg 3 113 189 73 69 334 296 36 56 276 301 63 34
positives/VOC2010_38.jpg 1 265 159 36 25
positives/VOC2010_48.jpg 2 109 164 87 62 206 184 65 88
positives/VOC2010_49.jpg 3 136 241 45 36 177 246 34 43 248 244 45 36
positives/VOC2010_50.jpg 2 232 193 82 52 376 255 93 71
positives/VOC2010_61.jpg 1 204 216 62 55
positives/VOC2010_72.jpg 1 286 190 58 37
positives/VOC2010_73.jpg 1 130 154 40 31
positives/VOC2010_74.jpg 4 40 62 37 27 179 129 40 26 297 48 30 33 378 51 36 44
positives/VOC2010_84.jpg 1 321 196 42 71
positives/VOC2010_85.jpg 1 301 240 52 55
positives/VOC2010_86.jpg 2 28 16 129 120 325 18 155 143
positives/VOC2010_96.jpg 2 147 179 32 24 174 185 26 19
positives/VOC2010_98.jpg 2 204 308 38 42 75 298 53 24
